
[root@sandbox-hdp ~]# stat anaconda-ks.cfg
  File: ‘anaconda-ks.cfg’
  Size: 3270            Blocks: 8          IO Block: 4096   regular file
Device: 28h/40d Inode: 4194334     Links: 1
Access: (0600/-rw-------)  Uid: (    0/    root)   Gid: (    0/    root)
Access: 2018-04-02 18:39:34.000000000 +0000
Modify: 2018-04-02 18:39:34.000000000 +0000
Change: 2018-09-23 01:55:12.330000000 +0000
 Birth: -
